Red Channel Histogram:
30
0
2
0
1
1
1
9
8
0
3
0
3
1
2
0
1
2
1
2
13
17
3
4
2
3
1
1
7
3
1
1
10
7
5
8
2
2
25
28
4250
22159
36
40
32
21
139
91113
14234
130
114
122
35
74
87
46
1374
54
64
57
26
59
154
57
132
108
63
1818
2262
2468
2119
1773
865
1967
2444
2555
2503
1187
73
3731
822
106
156
476
381
70
84
2056
12303
2809
95
234
132
137
142
175
174
201
68
67
78
253
1130
93
44
93
17665
1174
106
160
104
134
97
51
65
70
81
124
175
141
68
152
126
418
139
77
55
37
491
31
78
152
16
43
19
46
43
46
64
61
31
202
39
20
55
32
31
50
57
77
61
839
228
38
63
72
83
103
67
2570
51
98
66
54
141
96
85
97
102
516
1938
34
8
7
12
11
23
11
14
9
12
22
8
19
50
14
16
16
9
18
12
11
14
20
25
4
10
33
31
5
11
10
7
33
183
14
28
6
10
6
10
15
12
7
13
17
26
27
23
23
19
661
198
3
2
4
5
5
5
1
4
1
5
12
7
7
3
14
20
0
2
13
17
20
11
4
11
126
155
152
121
173
325
93
40
1713

Green Channel Histogram:
30
0
2
0
1
1
2
8
6
3
1
1
3
2
1
0
1
1
2
1
15
16
3
4
3
0
2
3
6
3
2
0
5
7
1
4
0
4
0
2
3457
22909
12
20
8
9
127
90315
15184
126
94
101
32
1047
322
37
88
57
55
64
18
61
149
66
722
2281
2445
3194
1816
1789
2280
2374
1239
2469
1138
120
3727
714
359
140
105
96
94
113
64
2841
14182
118
66
85
116
234
138
141
123
189
132
65
70
78
1320
176
76
98
152
133
85
867
243
123
68
101
86
62
60
73
87
183
291
164
69
400
239
114
177
306
112
46
515
127
99
23
33
33
31
25
67
49
47
89
53
63
56
20
54
95
66
45
41
53
75
71
69
67
49
55
338
200
81
2579
38
104
80
69
93
59
73
100
63
468
1747
27
19
8
19
8
17
19
26
45
31
26
44
69
23
10
31
22
20
18329
229
31
19
36
27
13
30
19
29
22
22
21
26
43
192
16
31
10
7
11
21
23
14
7
12
21
18
15
22
14
30
697
157
12
7
18
8
11
13
12
17
22
15
49
55
58
60
111
42
35
81
81
66
103
33
66
72
65
41
70
166
60
188
17
11
1539

Blue Channel Histogram:
30
0
2
0
1
1
1
9
6
2
2
1
4
0
2
0
1
3
1
209
15
16
2
3
4
0
3
1
7
2
2
2
6
4
2
4
0
4
0
2
4006
22374
15
18
12
9
19
89614
15804
374
1136
130
43
112
180
314
125
54
50
58
17
47
155
56
1744
2707
2616
3331
1936
2320
2829
2792
1383
1227
97
3797
761
61
34
105
81
3025
14016
135
69
46
74
107
59
86
92
218
140
135
132
177
1100
361
67
50
77
95
110
77
34
103
73
76
123
105
58
230
253
34
57
85
77
123
510
12431
6257
139
108
107
126
78
73
58
539
40
60
56
47
46
31
44
72
107
65
76
72
59
65
20
49
42
36
47
62
48
50
67
67
47
45
40
80
109
108
2568
41
86
52
57
70
132
92
117
78
504
1695
18
32
26
80
8
23
16
13
21
22
5
7
18
63
170
45
21
14
29
73
14
19
21
4
16
13
16
6
225
138
13
17
41
182
14
37
14
18
12
12
32
17
10
28
58
30
26
34
25
25
701
171
22
22
55
56
45
69
43
38
37
29
48
46
54
45
45
35
21
42
55
55
38
56
112
204
69
41
139
70
4
12
11
18
1536
